1195 950 5
300000000000000000000000000000000000000000000000000000000000000000000000000000000000000000000000000000000000000000000000000000000000000000000000000000000000000000000000000000000000000000000000000000000000000000000000000000000000000000000
000000000000000000000000000000000000000000000000000000000000000000000000000000000000000000000000000000000000000000000000000000000000000000000000000000000000000000000000000000000000000000000000000000000000000000000000000000000000000000000
000000000000000000000000000000000000000000000000000000000000000000000000000000000000000000000000000000000000000000000111111100000000000000000000000000000000000000000000000000000000000000000000000000000000000000000000000000000000000000000
000000000000000000000000000000000000000000000000000000000000000000000000000000000000000000000000000000000000001111111111111111111100000000000000000000000000000000000000000000000000000000000000000000000000000000000000000000000000000000000
000000000000000000000000000000000000000000000000000000000000000000000000000000000000000000000000000000000011111111111111111111111111111000000000000000000000000000000000000000000000000000000000000000000000000000000000000000000000000000000
000000000000000000000000000000000000000000000000000000000000000000000000000000000000000000000000000000001111111111111111111111111111111111000000000000000000000000000000000000000000000000000000000000000000000000000000000000000000000000000
000000000000000000000000000000000000000000000000000000000000000000000000000000000000000000000000000001111111111111111111111111111111111111111000000000000000000000000000000000000000000000000000000000000000000000000000000000000000000000000
000000000000000000000000000000000000000000000000000000000000000000000000000000000000000000000000000011111111111111111111111111111111111111111100000000000000000000000000000000000000000000000000000000000000000000000000000000000000000000000
000000000000000000000000000000000000000000000000000000000000000000000000000000000000000000000000001111111111111111111111111111111111111111111111000000000000000000000000000000000000000000000000000000000000000000000000000000000000000000000
000000000000000000000000000000000000000000000000000000000000000000000000000000000000000000000000011111111110111111111111111111111111111111111111110000000000000000000000000000000000000000000000000000000000000000000000000000000000000000000
000000000000000000000000000000000000000000000000000000000000000000000000000000000000000000000000111111111100111111111111111111111111111111111111111000000000000000000000000000000000000000000000000000000000000000000000000000000000000000000
000000000000000000000000000000000000000000000000000000000000000000000000000000000000000000000001111111111100111111111111111111111111111111111111111100000000000000000000000000000000000000000000000000000000000000000000000000000000000000000
000000000000000000000000000000000000000000000000000000000000000000000000000000000000000000000111111111111000111111111111111111111111111111111111111111000000000000000000000000000000000000000000000000000000000000000000000000000000000000000
000000000000000000000000000000000000000000000000000000000000000000000000000000000000000000000111111111111001111111111111111111111111111111111111111111100000000000000000000000000000000000000000000000000000000000000000000000000000000000000
000000000000000000000000000000000000000000000000000000000000000000000000000000000000000000011111111111110001111111111111111111111111111111111111111111110000000000000000000000000000000000000000000000000000000000000000000000000000000000000
000000000000000000000000000000000000000000000000000000000000000000000000000000000000000000111111111111110001011111111111111111111111111111111111111111111000000000000000000000000000000000000000000000000000000000000000000000000000000000000
000000000000000000000000000000000000000000000000000000000000000000000000000000000000000000111111111111110011111111111111111111111111111111111111111111111000000000000000000000000000000000000000000000000000000000000000000000000000000000000
000000000000000000000000000000000000000000000000000000000000000000000000000000000000000001111111111111100001111111111111111111111111111111111111111111111100000000000000000000000000000000000000000000000000000000000000000000000000000000000
000000000000000000000000000000000000000000000000000000000000000000000000000000000000000011111111111110000000000011111111111111111111111111111111111111111110000000000000000000000000000000000000000000000000000000000000000000000000000000000
000000000000000000000000000000000000000000000000000000000000000000000000000000000000000011111111110000000000000000000001111111111111111111111111111111111111000000000000000000000000000000000000000000000000000000000000000000000000000000000
000000000000000000000000000000000000000000000000000000000000000000000000000000000000000111111110000000000000000000000000001111111111111111111111111111111111100000000000000000000000000000000000000000000000000000000000000000000000000000000
000000000000000000000000000000000000000000000000000000000000000000000000000000000000001111110000000000000000000000000000000011111111111111111111111111111111100000000000000000000000000000000000000000000000000000000000000000000000000000000
000000000000000000000000000000000000000000000000000000000000000000000000000000000000001111100000000000000000000000000000000001111111111111111111111111111111110000000000000000000000000000000000000000000000000000000000000000000000000000000
000000000000000000000000000000000000000000000000000000000000000000000000000000000000011111000000000000000000000000000000000000111111111111111111111111111111111000000000000000000000000000000000000000000000000000000000000000000000000000000
000000000000000000000000000000000000000000000000000000000000000000000000000000000000011110000000000000000000000000000000000000111111111111111111111111111111111000000000000000000000000000000000000000000000000000000000000000000000000000000
000000000000000000000000000000000000000000000000000000000000000000000000000000000000111100000000000000000000000000000000000000001111111111111111111111111111111100000000000000000000000000000000000000000000000000000000000000000000000000000
000000000000000000000000000000000000000000000000000000000000000000000000000000000000111100000000000000000000000000000000000000000011111111111111111111111111111100000000000000000000000000000000000000000000000000000000000000000000000000000
000000000000000000000000000000000000000000000000000000000000000000000000000000000001111100000000000000000000000000000000000000000011111111111111111111111111111110000000000000000000000000000000000000000000000000000000000000000000000000000
000000000000000000000000000000000000000000000000000000000000000000000000000000000001111000000000000000000000000000000000000000000111111111111111111111111111111110000000000000000000000000000000000000000000000000000000000000000000000000000
000000000000000000000000000000000000000000000000000000000000000000000000000000000011110000000000000000000000000000000000000000000001111111111111111111111111111111000000000000000000000000000000000000000000000000000000000000000000000000000
000000000000000000000000000000000000000000000000000000000000000000000000000000000111110000000000000000000000000000000000000000000001111111111111111111111111111111000000000000000000000000000000000000000000000000000000000000000000000000000
000000000000000000000000000000000000000000000000000000000000000000000000000000000111110000000000000000000000000000000000000000000001111111111111111111111111111111100000000000000000000000000000000000000000000000000000000000000000000000000
000000000000000000000000000000000000000000000000000000000000000000000000000000001111110000000000000000000000000000000000000000000000011111111111111111111111111111100000000000000000000000000000000000000000000000000000000000000000000000000
000000000000000000000000000000000000000000000000000000000000000000000000000000011111100000000000000000000000000000000000000000000000011111111111111111111111111111100000000000000000000000000000000000000000000000000000000000000000000000000
000000000000000000000000000000000000000000000000000000000000000000000000000000001111100000000000000000000000000000000000000000000000011111111111111111111111111111110000000000000000000000000000000000000000000000000000000000000000000000000
000000000000000000000000000000000000000000000000000000000000000000000000000000000111100000000000000000000000000000000000000000000000001111111111111111111111111111110000000000000000000000000000000000000000000000000000000000000000000000000
000000000000000000000000000000000000000000000000000000000000000000000000000000000111100000000000000000000000000000000000000000000000000111111111111111111111111111110000000000000000000000000000000000000000000000000000000000000000000000000
000000000000000000000000000000000000000000000000000000000000000000000000000000001111100000000000000000000000000000000000000000000000000010111111111111111111111111110000000000000000000000000000000000000000000000000000000000000000000000000
000000000000000000000000000000000000000000000000000000000000000000000000000000011111100000000000000000000000000000000000000000000000000000111111111111111111111111111000000000000000000000000000000000000000000000000000000000000000000000000
000000000000000000000000000000000000000000000000000000000000000000000000000000111111100000000000000000000000000000000000000000000000000000111111111111111111111111111000000000000000000000000000000000000000000000000000000000000000000000000
000000000000000000000000000000000000000000000000000000000000000000000000000001111111000000000000000000000000000000000000000000000000000000011111111111111111111111111000000000000000000000000000000000000000000000000000000000000000000000000
000000000000000000000000000000000000000000000000000000000000000000000000000001111111000000000000000000000000000000000000000000000000000000011111111111111111111111111100000000000000000000000000000000000000000000000000000000000000000000000
000000000000000000000000000000000000000000000000000000000000000000000000000011111111000000000000000000000000000000000000000000000000000000011111111111111111111111111100000000000000000000000000000000000000000000000000000000000000000000000
000000000000000000000000000000000000000000000000000000000000000000000000000011111111000000000000000000000000000000000000000000000000000000011111111111111111111111111100000000000000000000000000000000000000000000000000000000000000000000000
000000000000000000000000000000000000000000000000000000000000000000000000000011111111000000000000000000000000000000000000000000000000000000011111111111111111111111111100000000000000000000000000000000000000000000000000000000000000000000000
000001100001110000000000000000000000000000000000000000000000000000000000000011111111000000000000000000000000000000000000000000000000000000111111111111111111111111111100000000000000000000000000000000000000000000000000000000000000000000000
010001100000010100000000000000000000000000000000000000000000000000000000000111111111000000000000000000000000000000000000000000000000000000111111111111111111111111111100000000000000000000000000000000000000000000000000000000000000000000000
111111100000000010000000000000000000000000000000000000000000000000000000000011111111000000000000000000000000000000000000000000000000000000111111111111111111111111111100000000000000000000000000000000000000000000000000000000000000000000000
011111110001000011000000000000000000000000000000000000000000000000000000000011111111000000000000000000000000000000000000000000000000000000111111111111111111111111111110000000000000000000000000000000000000000000000000000000000000000000000
011111111000000011000000000000000000000000000000000000000000000000000000000011111111100000000000000000000000000000000000000000000000000000111111111111111111111111111100100000000000000000000000000000000000000000000000000000000000000000000
111111110000000000000000000000000000000000000000000000000000000000000000000011111111100000000000000000000000000000000000000000000000000000111111111111111111111111111110000000000000000000000000000000000000000000000000000000000000000000000
011111111110100110000000000000000000000000000000000000000000000000000000000111111111100000000000000000000000000111100000000111111111111010111111111111111111111111111110010000000000000000000000000000000000000000000000000000000000000000000
111111111100000100000000000000000000000000000000000000000000000000000000000111111111100000110000000000000000001111100000000001111111111100111111111111111111111111111110000000000000000000000000000000000000000000000000000000000000000000000
111111111101010000000000001000000000000001000000000000000000000000000000000111111111111111000000000000000000001111000000000000111111110000011111111111111111111111111110000000000000000000000000000000000000000000000000000000000000000000000
111111111101100010000000101001000011011110010000000000000000000000000000101111111111111110000111100000000000011110000011111111111111100000001111111111111111111111111111000000000000000000000000000000000000000000000000000000000000000000000
111111111100001110000000001100000111010010010000000000000000000000000000101111111111111111111111110000000000100100000001111111111111000000001111111111111111111111111111000000000000000000000000000000000000000000000000000000000000000000000
111111111101111110000000011010000110110100010000000000000000000000000000111111111111111111000111111000000000101000000001111111010000000000001111111111111111111111111111001000000000000000000000000000000000000000000000000000000000000000000
111111111111110100001110111100011110011100000000000100000000000000000000011111111111100110000011110000000000110000000000000000000000000000001111111111111111111111111111000000000000000000000000000000000000000000000000000000000000000000000
111111111111110100101110101100011100111100010000000000000000000000000000011111111111000000000000000000000000000000000000000000000000000000001111111111111111111111111111000000000000000000000000000000000000000000000000000000000000000000000
111101111111111101011111101110000111110011010000010000000000000000000000011111111111000000000000000000000000000000000000000000000000000000001111111111111111111111111111000000000000000000000000000000000000000000000000000000000000000000000
111111111101111100011111111010000111110110110000010000000000000000000000111111111111000000000000000000000000000000000000000000000000000000001111111111111111111111111111110001100000000000000000000000000000000000000000000000000000000000000
111111111001111000001110000000001111111110110000010000000000000100000000111111111111000000000000000000000000000000000000000000000000000000001111111111111111111111111111101111000000000000000000000000000000000000000000000000000000000000000
111111100111111100011111110000001111100111000000110000000000000000000001011111111111000000000000000000000000000000000000000000000000000000011111111111111111111111111111101101000000000000000000000000000000000000000000000000000000000000000
111111000111111100011101111100001111110111011000110010000001000001100000011111111111000000000000000000000000000000000000000000000000000000001111111111111111111111111111100000000000000000000000000000000000000000000000000000000000000000000
111111101111111111011111110111011111101111111101110010000001000001100000101111111111000000000000000000000000000000000000000000000000000000011111111111111111111111111111100000000000000000000000000000000000000000000000000000000000000000000
111111111111111111111111011111111111111111111111111111000000000001100001111111111111000000000000000000000000000000000000000000000000000000111111111111111111111111111111100000000000000000000000000000000000000000000000000000000000000000000
111111111111111111111111111111111111110111111110111110110011000011100101101111111111000000000000000000000000000000000000000000000000000000011111111111111111111111111111100000000000000000000000000000000000000000000000000000000000000000000
111111111111111111111111111111111111011111111110111111111111001111100111101111111111000000000000000000000000000000000000000000000000000000111111111111111111111111111111100000000000000000000000000000000000000000000000000000000000000000000
111111111111111011111111111011111111111111111111111111111111000111100101101111111111000000000000000000000000000000000000000000000000000000111111111111111111111111111111100000000000000000000000000000000000000000000000000000000000000000000
111111111111101011111111111111111111101111111111111111110111001111101111111111111111100000000000000000000000000000000000000000000000000000111111111111111111111111111111100000000000000000000000000000000000000000000000000000000000000000000
111111111111111111111111110111111111011111111111111111100011001111111111111111111111100000000000000000000000000000000000000000000000000000111111111111111111111111111111110000000000000000000000000000000000000000000000000000000000000000000
111111111111111111111111111111111111111111111111111111111101111111111111111111111111100000000000000000000000000000000000000000000000000001111111111111111111111111111111111010000000000000000000000000000000000000000000000000000000000000000
111111111111111111111111111110111111111111111111111111111111111111111111111111111111100000000000000000000000000000000000000000000000000001111111111111111111111111111111111110111111000000000000000000000000000000000000000000000000000000000
111111111111111111111111111111111111111111111111111111111111111111111111111111111111100000000000000000000000000000000000000000000000000011111111111111111111111111111111111111110011100000000000000000000000000000000000000000000000000000000
111111111111111111111111111111111111111111111111111111111111111111111111111111111111110000000000000000000000000000000000000000000000000011111111111111111111111111111111111111111110110000000000000000000000000000000000000000000000000000000
111111111111111111111111111111101111111111111111111111111111111111111111111111111111110000000000000000000000000000000000000000000000000011111111111111111111111111111111111111101111100000000000000000000000000000000000000000000000000000000
111111111111111111111111111110111111111111111111101111111111111111111111111111111111110000000000000000000000000000000000000000000000001111111111111111111111111111111111111111111110001100000000000000000000000000000000000000000000000000000
111111111111111111111111111111111111111111111111101111111111111111111111111111111111110000000000000000000011110110000000000000000000001111111111111111111111111111111111111111111101100000011000000000000000000000000000000000000000000000000
111111111111111111111111111111111011111111111111111111111111111111111111111111111111111000000000000000000011111110000000000000000000001111111111111111111111111111111111111111111111100111101000000010000000000000000000000000000000000000000
111111111111111111111111111111111011111111111111111111111111111111111111111111111111111000000000000000001111111110000000000000000000001111111111111111111111111111111111111111111111111001111111001111000000000000000000000000000000000000000
111111111111111111111111111111111111111111111111111111111111111111111111111111111111111000000000000000111111111100000000000000000000001111111111111111111111111111111111111111111111111110000011111100000000000000000000000000000000000000000
111111111111111111111111111111111111111111111111111111111111111111111111111111111111111100000000000000001111110000000000000000000000000111111111111111111111111111111111111111010000100010000000000000010000000000000000000000000000000000000
111111111111111111111111111111111111111111111111111111111111111111111111111111111111111000000000000000000111000000000000000000000000000111111111111111111111111111111111111111100110000000000000000000011000000000000000000000000000000000000
111111111111111111111111111111111111110111111111111111111111111111111111111111111111111100000000000000000000000000000000000000000000001111111111111111111111111111111111111111111111100000011000011111010000000000000000000000000000000011101
111111111111111111111111111111111111111111111111111111111111111111111111111111111111111100000000000000000000000000000000000000000000001111111111111111111111111111111111111111110100100010000000010110010000000000000000000000000000001001100
111111111111111111111111111111111111111111111111111111111111111111111111111111111111111100000000000000000000000000001000000000000000000111111111111111111111111111111111111111111100001001000000000000000000000000000000000000000000010011000
111111111111111111111111111111111111111111111111111111111111111111111111111111111111111110000000011000000000011111111000000000000000001111111111111111111111111111111111111110001100100101010000000000000000000000000000000000000000100010000
111111111111111111111111111111111111111111111111111111111111111111111111111111111111111110000000000000000011111111100000000000000000001111111111111111111111111111111111111111100100000000000010000000000000000000000000000000000000001010000
111111111111111111111111111111111111111111111111111111111111111111111111111111111111111110000000000000000000000000000000000000000000001111111111111111111111111111111111111111110000000000000000000000000000000000000000000000000000000101111
111111111111111111111111111111111111111111111111111111111111111111111111111111111111111111000000000000000000000000000000000000000000011111111111111111111111111111111111111111111011101000000000000000000000000000000000000000000000000000000
111111111111111111111111111111111111111111111111111111111111111111111111111111111111111111000000000000000000000000000000000000000001111111111111111111111111111111111111111111011000000010000000000000000000000000000000000000000000000010000
111111111111111111111111111111111111111111111111111111111111111111111111111111111111111111100000000000000000000000000000000000000001111111111111111111111111111111111111111111100111010010000000000000000000000000000000000010000000000000000
111111111111111111111111111111111111111111111111111111111111111111111111111111111111111111110000000000000000000000000000000000000011111111111111111111111111111111111111111111000010000000000000000000000100000000000000000111000000000000000
111111111111111111111111111111111111111111111111111111111111111111111111111111111111111111111000000000000000000000000000000000001111111111111111111111111111111111111111111111000100111100000000001000000000000000000000000000000000010000000
111111111111111111111111111111111111111111111111111111111111111111111111111111111111111111111100000000000000000000000000000000111111111111111111111111111111111111111111111111001110011000000000000001000001000000000001100000000000000000000
111111111111111111111111111111111111111111111111111111111111111111111111111111111111111111111110000000000000000000000000000000111111111111111111111111111111111111111111111111000000010000000000000000000000000000000000001000000000000000000
111111111111111111111111111111111111111111111111111111111111111111100111111111111111111111111111000000000000000000000000000001111111111111111111111111111111111111111111111111000000110000000000000000000000000000000000000000000000000000001
111111111111111111111111111111111111111111111111111111111111111011110111111111111111111111111111100000000000000000000000000011111111111111111111111111111111111111111111111111000000000000000000000011000000000000000000000000000000100000000
111111111111111111111111111111111111111111111110011111111100000000000111111111111111111111111111110000000000000000000000000111111111111111111111111111111111111111111111111111111000000000000000000000000000100000000000000000000000000011100
111111111111111111111111111111111111111111111111111111111111011110000111111111111111111111111111111000000000000000000000011111111111111111111111111111111111111111111111111111110000000000000000000000000000000000000000000000000000000010101
111111111111111111111111111111111111111111111111111111111111111111110111111111111111111111111111111100000000000000000011111111111111111111111111111111111111111111111111111111100000000000000000000000000000000000000000000111000000010001111
111111111111111111111111111111111111111111111111111111111111111111111111111111111111111111111111111110000000000000001111111111111111111111111111111111111111111111111111111111101100000000000000000000000000000000000000100000000000000000001
111111111111111111111111111111111111111111111111111111111111111111100011111111111111111111111111111111000000000000111111111111111111111111111111111111111111111111111111111111110000000110000000000000000000010000000000001000100000000000000
111111111111111111111111111111111111111111111111111111111110000010000011111111111111111111111111111111100000001111111111111111111111111111111111111111111111111111111111111111100110111110000100000001000001100101100001001100000000010000000
111111111111111111111111111111111111111111111111111111100011100000000001111111111111111111111111111111111111111111111111111111111111111111111111111111111111111111111111111111110110111110000000000101001011110101100111111111011100000000000
111111111111111111111111111111111111111111111111111111111110000000000001111111111111111111111111111111111111111111111111111111111111111111111111111111111111111111111111111111111100101110010000001110101001001011110100111111101100000000000
111111111111111111111111111111111111111111111111111111111111110000000001111111111111111111111111111111111111111111111111111111111111111111111111111111111111111111111111111111111111101111110100100100101001110011001101111111111100000000111
111111111111111111111111111111111111111111111110111111111111110000000000111111111111111111111111111111111111111111111111111111111111111111111111111111111111111111111111111111111011111110000000000000011010000100001111111111111100000011111
111111111111111111111111111111111111111111111110011110010000000000000000111111111111111111111111111111111111111111111111111111111111111111111111111111111111111111111111111111111111010000000000000000011011111110111111100100111000110111111
111111111111111111111111111111111111111111111101011100000000000000000000111111111111111111111111111111111111111111111111111111111111111111111111111111111111111111111111111111111111000000110000000000001111111111111111111110010111101000111
111111111111111111111111111111111111111111111101100100000000000000000000111111111111111111111111111111111111001111111111111111111111111111111111111111111111111111111111111111110011000000000000000000000001100111111111111111101111111111111
111111111111111111111111111111111111111111111111111110000000000000000000111111111111111111111111111111111111000011111111111111111111111110111111111111111111111111111111111111111011101011010000000000000111100000000111111110000111000011111
111111111111111111111111111111111111111111111111110100000000000011000001111111111111111111111111111111111111000000111111111111111111111110101111111111111111111111111111111111110110101111000011110011110111110000000110111010000000000111110
111111111111111111111111111111111111111111111101000000000000000000000011011111111111111111111111111111111111000000101111111111111111110000001111111111111111111111111111111111111110001100000000010111000000000000000000000000000000000011101
111111111111111111111111111111111111111110001000000110001000100000000000111111111111111111111111111111111111000000000011111111111111100000000001111111111111111111111111111111111111000000000000000000000000000000000000000000000000000000111
111111111111111111111111111111111110011101000101101010000000000000000000001111111111111111111111111111111111000000000011111111011110010000000000111111111111111111111111111111111111000000000000000000000000000000000000000000000000000000000
111111111111111111111111111111111111111111111110000110000100000000001011111111111111111111111111111111111111100000000000000001011000000000000000111111111111111111111111111111111110000000000000000000000000000000000000000000000000000000000
111111111111111111111111111111111111100100101100000110000100000000000000110111111111111111111111111111111111100000000000000001000000000000000000111111111111111111111111111111111110011000000000000000000000000000000000000000000000000000000
111111111111111111111111111111111111101001110011000010000000000001000011111111111111111111111111111111111111100000000000000000000000000000000000011111111111111111111111111111111111111111000000010000000000000000000000000000000000000000000
111111111111111111111111111111111111111111111110000111111100010100000011010111111111111111111111111111111111100000000000000000000000000000000000001111111111111111111111111111111111111111111111111000000000000000000000000000000000010000000
111111111111111111111111111111111111111011111101000011001011011001111011111111111111111111111111111111111111100000000000000000000000000000000000000111111111111111111111111111111111111111111111111100000000000000000000000000000000000000001
111111111111111111111111111111111111111111111110000011011000000001000111111111111111111111111111111111111111100000000000000000000000000000000000000111111111111111111111111111111111111111111111111110000010111100000000000000000000000000010
111111111111111111111111111111111111111111111111000000001101011100000111111111111111111111111111111111111111100000000000000000000000000000000000000011111111111111111011111111111111111111111110111110001001111110000000000000000000000000110
111111111111111111111111100110111111111111111111100111101111100011110111111111111111111111111111111111111110000000000000000000000000000000000000000011111111111111111111111111111111111111101110111100011111111111000000000000000000000000000
111111111111111111111101101110111111111111111111111111011111111011111111111111111111111111111111111111111110000000000000000000000000000000000000000011111111111111111111111111111111111111111011011110011111111111000000000000000000000000000
111111111111111111111111111111011111111111111111111111111111111111111111111111111111111111111111111111111000000000000000000000000000000000000000000011111111111111111111111111111111111111111111111111111111111111100000000000000000000000001
111111111111111111111111111111111111111111101111111111111111111111111111111111111111111111111111111111100000000000000000000000000000000000000000000001111111111111111111111111111111111111111111111111111111111110100000000000000000000000000
111111111111111111111111110011111111111111101111111111111111111111111111111111111111111111111111111111000000000000000000000000000000000000000000000001111111111111111111111111111111111111111111111111111000001000000000000000100000000000010
111111111111111111111111111111111111111111011111111111111111111111111111111111111111111111111111111100000000000000000000000000000000000000000000000001111111111100111111111111111111111111111111111000000000000000000000000001100001000000001
111111111111111111111111111111111111111111111111111111111111111111111111111111111111111111111111110000000000000000000000000000000000000000000000000000001111111000111111111111111111111111011111001000000000000000000000000000000000000000001
111111111111111111111111111111111111111111111111111111111111111111111111111111111111111111111111100000000000000000000000000000000000000000000000000000111111111000111111111111111111111111100000000000000000000000000000000000000000000000110
111111111111111111111111111111111111111111111111111111111111111111111111111111111111111111111111000000000000000000000000000000000000000000000000000000111111111000111111111111111111111111111100000000000000000000000000000000000000000001111
111111111111111111111111111111111111111111111111111111111111111111111111111111111111111111111100000000000000000000000000000000000000000000000000000000111111111000111111111111111111111111111100000000000000000000000000000000000000000011110
111111111111111111111111111111111111111111111111111111111111111111111111111111111111111111111000000000000000000000000000000000000000000000000000000001111111111000111111111111111111111111111111111000000000000000000000000000000000000011110
111111111111111111111111111111111111111111111111111111111111111111111111111111111111111111110000000000000000000000000000000000000000000000000000000001111111100001111111111111111111111111111111111000000000000000000000000000000000000000000
111111111111111111111111111111111111111111111111111111111111111111111111111111111111111111110000000000000000000000000000000000000000000000000000000001111111111001111111111111111111111111111111111110000000000000000000000000000000000000000
111111111111111111111111111111111111111111011111111111111111111111111111111111111111111111100000000000000000000000000000000000000000000000000000000001111111111001111111111111111111111111111111111111100000000000000000000000000000000000000
111111111111111111111111111111111111101111111111111111111111111111111111111111111111111111000000000000000000000000000000000000000000000000000000000001111111111001111111111111111111111111111111111111000000000000000000000000000000000000000
111111111111111111111111111111110011000111111111111111111111111111111111111111111111111111000000000000000000000000000000000000000000000000000000000011001111111001111111111111111111111111111111111111100000000000000000000000000000000000000
111111111111111111111111111111100111000111111111111111111111111111111111111111111111111111000000000000000000000000000000000000000000000000000000000001100011111011111111111111111111111111111111111111100000000000000000000000000000000000000
111111111111111111111111111111111110011111111111111111111111111111111111111111111111111110000000000000000000000000000000000000000000000000000000000000110011111011111111111111111111111111111111111110010000000000000000000000000000000000000
111111111111111111111111111111111110011111111111111111111111111111111111111111111111111110000000000000000000000000000000000000000000000000000000000000111011111011111111111111111111111111111111111110000000000000000000000000000000000000000
111111111111111111111111111111111111111111111111111111111111111111111111111111111111111100000000000000000000000000000000000000000000000000000000000000111111111011111111111111111111111111111111111110010001000000000000000000000000000000000
111111111111111111111111111111110111111111111111111111111111111111111111111111111111111000000000000000000000000000000000000000000000000000000000000000111011111011111111111111111110111111111111111111111001000000000000000000000000000000000
111111111111111111111110011111110010011111111111111111111111111111111111111111111111111000000000000000000000000000000000000000000000000000000000000001111011111011111111111111111110001111111111111111001100000000000000000000000000000000000
111111111111111111111110111001100011101111111111111111111111111111111111111111111111111000000000000000000000000000000000000000000000000000000000000011111111111111111111111111111100001101111111111111111110000000000000000000000000000000000
111111111111111111111110111111110011101111111111111111111111111111111111111111111111101000000000000000000000000000000000000000000000000000000000000011111011111101111111111111100000011111111111111111111110000000000000000000000000000000000
111111111111111111100011110011100011001111111111111111111111111111111111111111111111110000000000000000000000000000000000000000000000000000000000000100011001101101111111111110000001111111111111111111111000110000000000000000000000000000000
111111111111111111100001110001000011001111111111111111111111111111111111111111111111001000000000000000000000000000000000000000000000000000000000000000111101101111111111111000011011111111111111111111111110100110000000000000000000000000000
111111111111111111100000000000000011000011111111111111111111111111111111111111111110001000000000000000000000000000000000000000000000000000000000000001000111111111111111000011111111000000000011111111111111111111111111000000000000000000000
111111111111111111110111000000000010000011111111111111111111111111111111111111111000000000000000000000000000000000000000000000000000000000000000000000001111111111111110011111000000000000000001111111111111111111010111100000000000000000000
111111111111111111111111000000000001100000111111111111111111111111111111111111110000000000000000000000000000000000000000000000000000000000000000000000111111111111100001000000000000000111111111111111111111111111010010000000000001000000000
111111111111111111111111000000000000000001101111111111111111111111111111111111110000000000000000000000000000000000000000000000000000000000000000000000100011111111001000000000000000000111111111111111111111111111111111111000000001100000000
111111111111111111111111100000000000001000101111111111111111111111111111111111100000000000000000000000000000000000000000000000000000000000000000000000101111111101000000000000000000000000000000111111111111111111111111111101001001000000000
111111111111111111111111111100000000110110111111111111111111111111111111111111000000000000000000000000000000000000000000000000000000000000000000000010111111110000000000000000000000000000000111111111111111111111111111011111111011000111000
111111111111111111111111111111100000100110111111111111111111111111111111111111000000000000000000000000000000000000000000000000000000000000000000000000011111100000000000000000000000000001111111111111111111111111111110011111111111011110000
111111111111111111111111111111110000000011100111111111111111111111111111111111000000000000000000000000000000000000000000000000000000000000000000000000110001000000000000000000000000001111111111111111111111111111111111111111111111111100000
111111111111111111111111111111111001000011101111111111111111111111111111111110000000000000000000000000000000000000000000000000000000000000000000000000100000000001000000000000000001111111111111111111111111111111111111111111111111100000000
111111111111111111111111111111111100000011110011111111111111111111111111111110000000000000000000000000000000000000000000000000000000000000000000000000000010000111000000000000001111111111111111111111111111111111111111111111111111110000000
111111111111111111111111111111111100111100100001101111111111111111111111111110000000000000000000000000000000000000000000000000000000000000000000000000000000100000000000000001111111111111111111111111111111111111111111111111111111111110000
111111111111111111111111111111111101111111000000001111111111111111111111111110000000000000000000000000000000000000000000000000000000000000000000000000000010000000000000111111111111111111111111111111111111111111111111111111111111111111000
111111111111111111111111111111111101001111110000001111111111111111111111111110000000000000000000000000000000000000000000000000000000000000000000000000001100000000000001111111111111111111111111111111111111111111111111111111111111111111110
111111111111111111111111111111111011111111111000001111111111111111111111111111000000000000000000000000000000000000000000000000000000000000000000000000010000000000001111111111111111111111111111111111111111111111111111111111111111111111111
111111111111111111111111111111111111111110110000001111111111111111111111111111000000000000000000000000000000000000000000000000000000000000000000000000000000000001111111111111111111111111111111111111111111111111111111111111111111111110111
111111111111111111111111111111111111111101110000011111111111111111111111111111100000000000000000000000000000000000000000000000000000000000000000000010000000000111111111111111111111111111111111111111111111111111111111111111111111111111001
111111111111111111111111111111111111111111100000011111111111111111111111111111110000000000000000000000000000000000000000000000000000000000000000000000000000111111111111111111111111111111111111111111111111111111111111111111111111111111111
111111111111111111111111111111111111111110000000111111111111111111111111111111110000000000000000000000000000000000000000000000000000000000000000000000010011111111111111111111111111111111111111111111111111111111111111111111111011111111111
111111111111111111111111111111111111000000000011111111111111111111111111111111111000000000000000000000000000000000000000000000000000000000000000000000111111111111111111111111111111111111111111111111111111111111111111111111111111011111111
111111111111111111111010111010000000000000000111111111111111111111111111111111111111000000000000000000000000000000000000000000000000000000000000000011111111111111111111111111111111111111111111111111111111111111111111111100011111101011111
111111111111111111000000101000000000000011111111111111111111111111111111111101111011110000000000000000000000000000000000000000000000000000000000000111111111111111111111111111111111111111111111111111111111111111111111111110011101101111111
111111111111111100001001111110000000000111111111111111111111111111111111111111111000011110000000000000000000000000000000000000000000000000000000011111111111111111111111111111111111111111111111111111111111111111111111111111011000000111111
111111111111111100011011111110010001111111111111111111111111111111111111111111111110101111100000000000000000000000000000000000000000000000001101101111111111111111111111111111111111111111111111111111111111111111111111111111001110000011111
111111111111111101111011111111111111111111111111111111111111111111111111111111111111111011111110000000000000000000000000000000000000000000001100011111111111111111111111111111111111111111111111111111111111111111111111111111000100000000111
111111111111110111111111110111111111111111111111111111111111111111111111111111111111110101000111111000000000000000000000000000000000000000111000111111111111111111111111111111111111111111111111111111111111111111111111111111110110010011111
111111111111100111111111110011111111111111111111111111111111111111111111111111111111111100011111111111000000000000000000000000000000000001100011111111111111111111111111111111111111111111111111111111111111111111111111111111110110000111111
111111111111100111111111101111111111111111111111111111111111111111111111111111111111111111111111011111111111000000000000000000000000000111001111111111111111111111111111111011111111111111111111111111111111111111111111111111111111000111111
111111111111111111111111110111111111111111111111111111111111111111111111111111111111011111111101101000010111111111000000000000000011001100111111111111111111111111111111111111111111111111111111111111111111111111111111111111111111111011111
111111111111100111111111111011111111111111111111111111111111111111111111111111111111111111111111111111000100000011111111111111000100111001111110011111111111111111111111110111111111111111111111111111111111111111111111111111111111111111111
111111111111110001111111111110111110111111111111111111111111111111111111111111111111111111111111110111100101000000000010100000011001100111111101111111111111111111111111111111111111111111111111111111111111111111111111111111111111111111111
111111111111111110011111111111111111111111111111111111111111111111111111111111111111111111111101011100011101001010111011101110111111001111111011111111111111111111111111101111111111111111111111111111111111111111111111111111111111111111111
111111111111111111111111000000011111111111111111111111111111111111111111111111111111111111110111011101111111110101111111111100111110111111111111111111111111111111111111111111111111111111111111111111111111111111111111111111111111111111111
111111111111111111111111010000000000001111111111111111111111111111111111111111111111111111111100101011111101111111111111111111111001111111111111111111111111111111111111011111111111111111111111111111111111111111111111111111111111111111111
111111111111111111111111111000100000001111111111111111111111111111111111111111111111111111111111010111111101110111111111111111110111111111111111111111111111111111111111111111111111111111111111111111111111111111111111111111111111111111111
111111111111111111111111111111111111111111111111111111111111111111111111111111111111111111111110111111101111111111111111111111111111111111111111111111111111111111111111111111111111000111111111111111111111111111111111111111111110100011011
111111111111111111111111111111111111111111111111111111111111111111111111111111111111111111111111111111111111111111111111111111111111111111111111111111111111111111111111111111111001111110111110111111111111111111111111111111111111111111111
111111111111111111010111110111001111111111111111111111111111111111111111111111111111111111111111111111111111111111111111111111111111111111111111111111111111111111111111111111111111111111111111111111111111111111111111111111111111111111111
111111111111111111110111000010011111111111111111111111111111111111111111111111111111111111111111111111111111111111111111111111111111111111111111111111111111111111111111111111111111111111111111111111111111111111111111111111111111111110110
111111111111111111110100001110011111111111111111111111111111111111111111111111111111111111111111111111111111111111111111111111111111111111111111111111111111111111111111111111111111111111111111111111111111111111111111111111111111111111114